0.7855	8.4901	1.1073	13.4205	0.5402	11.6551	0.8762	15.6188	0.4048	15.2180	0.7085	18.4346	
3.0000	0.0000	
1.1188	6.7070	1.3357	12.3767	0.7186	9.2047	1.0522	13.8889	0.5083	12.5052	0.8378	16.2655	
3.0000	0.0000	
1.5858	6.0242	1.5758	12.0219	0.9934	7.1631	1.2539	12.6448	0.6476	9.9208	0.9856	14.3813	
3.0000	0.0000	
2.0306	6.7411	1.8077	12.3835	1.4039	6.0675	1.4800	12.0415	0.8694	7.7650	1.1672	12.9686	
3.0000	0.0000	
2.3554	8.5532	2.0293	13.4380	1.8990	6.3318	1.7318	12.1354	1.2514	6.2385	1.4003	12.0970	
3.0000	0.0000	
2.5742	10.9828	2.2319	15.0912	2.2989	7.9127	1.9869	13.0130	1.7816	6.0289	1.6765	11.9798	
1.0000	1.5708	
1.0395	11.8261	0.7026	15.7232	0.8052	8.6092	0.4756	13.4510	0.3560	6.3367	0.1794	12.1284	
3.0000	0.0000	
1.2764	10.6535	0.8389	13.6076	1.1139	6.9074	0.5950	10.9364	0.6320	3.7183	0.2320	9.2458	
3.0000	0.0000	
1.5703	10.2036	1.0380	11.8191	1.5733	6.2142	0.8015	8.6066	1.5862	2.2138	0.3507	6.3597	
3.0000	0.0000	
1.8307	10.6309	1.2587	10.6318	1.9945	6.8749	1.0933	6.9030	2.4814	3.7149	0.6057	3.7433	
3.0000	0.0000	
2.0733	11.7836	1.5389	10.1496	2.3129	8.5919	1.5392	6.1390	2.7671	6.3676	1.5387	2.1428	
3.0000	0.0000	
2.2725	13.4690	1.8311	10.4701	2.5215	10.8166	2.0007	6.7289	2.8905	9.2058	2.5130	3.6057	
1.0000	1.5708	
0.7534	14.1286	0.3476	10.7582	0.9986	11.6279	0.5547	7.2023	1.3420	10.1894	1.0742	4.4592	
3.0000	0.0000	
0.9310	12.0589	0.4822	7.9126	1.2543	10.3018	0.8974	4.8535	1.6505	9.9422	1.8135	4.0501	
3.0000	0.0000	
1.1597	10.5372	0.7403	5.4341	1.5487	9.8132	1.5665	3.8013	1.9346	10.6224	2.3624	5.5972	
3.0000	0.0000	
1.4596	9.7403	1.3202	3.8096	1.8609	10.2158	2.2517	4.8475	2.1821	12.0422	2.6402	8.0461	
3.0000	0.0000	
1.7573	9.8748	2.0681	4.2071	2.1065	11.4137	2.5755	7.1176	2.3509	13.9632	2.7668	10.7404	
3.0000	0.0000	
2.0410	10.8393	2.5145	6.2112	2.3114	13.1902	2.7491	9.7720	2.4905	16.2124	2.8561	13.5867	
1.0000	1.5708	
0.5456	11.3257	1.0244	7.0657	0.7899	13.9038	1.2100	10.7254	0.9511	17.0444	1.2999	14.5675	
3.0000	0.0000	
0.7237	8.9217	1.4574	6.0901	0.9709	11.9994	1.4935	10.0795	1.1125	15.5036	1.5093	14.0698	
3.0000	0.0000	
1.0040	6.9520	1.9263	6.4711	1.1976	10.6109	1.7791	10.2933	1.2904	14.4316	1.7122	14.2040	
3.0000	0.0000	
1.4280	5.9331	2.2754	7.9491	1.4733	9.9303	2.0347	11.2380	1.4928	13.9127	1.9070	14.8820	
3.0000	0.0000	
1.9163	6.2504	2.5025	10.0992	1.7715	10.0724	2.2446	12.8394	1.7072	13.9978	2.0839	16.0959	
3.0000	0.0000	
2.2894	7.8464	2.6431	12.7005	2.0422	11.1172	2.4019	14.9477	1.9116	14.7462	2.2311	17.8129	
1.0000	1.5708	
0.7996	8.5728	1.0990	13.6318	0.5414	11.6383	0.8663	15.7483	0.3964	15.1481	0.6953	18.4902	